1.000,-0.336,-0.379,-0.321,-0.301,-0.251,-0.307
-0.336,1.000,0.758,0.535,0.517,0.267,0.795
-0.379,0.758,1.000,0.538,0.561,0.527,0.863
-0.321,0.535,0.538,1.000,0.582,0.488,0.663
-0.301,0.517,0.561,0.582,1.000,0.548,0.609
-0.251,0.267,0.527,0.488,0.548,1.000,0.605
-0.307,0.795,0.863,0.663,0.609,0.605,1.000
